Accuracy: 0.0
Precision: 0.0
Recall: 0.0
F1 Score: 0.0

Classification Report:
              precision    recall  f1-score   support

         0.0       0.00      0.00      0.00       3.0
     20000.0       0.00      0.00      0.00       2.0
     24000.0       0.00      0.00      0.00       1.0
     25000.0       0.00      0.00      0.00      10.0
     27000.0       0.00      0.00      0.00       0.0
     28000.0       0.00      0.00      0.00       1.0
     30000.0       0.00      0.00      0.00       1.0
     35000.0       0.00      0.00      0.00       3.0
     37000.0       0.00      0.00      0.00       1.0
     38000.0       0.00      0.00      0.00       0.0
     40000.0       0.00      0.00      0.00       1.0
     41000.0       0.00      0.00      0.00       2.0
     42000.0       0.00      0.00      0.00       1.0
     45000.0       0.00      0.00      0.00       1.0
     46000.0       0.00      0.00      0.00       2.0
     48000.0       0.00      0.00      0.00       1.0
     50000.0       0.00      0.00      0.00       0.0
     53000.0       0.00      0.00      0.00       1.0
     55000.0       0.00      0.00      0.00       1.0
     60000.0       0.00      0.00      0.00       1.0
     65000.0       0.00      0.00      0.00       4.0
     66000.0       0.00      0.00      0.00       0.0
     70000.0       0.00      0.00      0.00       0.0
     73000.0       0.00      0.00      0.00       0.0
     75000.0       0.00      0.00      0.00       1.0
     76000.0       0.00      0.00      0.00       1.0
     80000.0       0.00      0.00      0.00       3.0
     82000.0       0.00      0.00      0.00       0.0
     83000.0       0.00      0.00      0.00       1.0
     85000.0       0.00      0.00      0.00       2.0
     86000.0       0.00      0.00      0.00       1.0
     87000.0       0.00      0.00      0.00       1.0
     88000.0       0.00      0.00      0.00       0.0
     90000.0       0.00      0.00      0.00       0.0
     92000.0       0.00      0.00      0.00       1.0
     93000.0       0.00      0.00      0.00       1.0
     94000.0       0.00      0.00      0.00       1.0
    100000.0       0.00      0.00      0.00       0.0
    105000.0       0.00      0.00      0.00       3.0
    110000.0       0.00      0.00      0.00       1.0
    112000.0       0.00      0.00      0.00       0.0
    125000.0       0.00      0.00      0.00       0.0
    130000.0       0.00      0.00      0.00       2.0
    135000.0       0.00      0.00      0.00       1.0
    150000.0       0.00      0.00      0.00       3.0
    160000.0       0.00      0.00      0.00       2.0
    165000.0       0.00      0.00      0.00       1.0
    170000.0       0.00      0.00      0.00       1.0
    175000.0       0.00      0.00      0.00       1.0
    180000.0       0.00      0.00      0.00       1.0
    190000.0       0.00      0.00      0.00       0.0
    200000.0       0.00      0.00      0.00       3.0
    210000.0       0.00      0.00      0.00       1.0
    230000.0       0.00      0.00      0.00       1.0
    240000.0       0.00      0.00      0.00       0.0
    250000.0       0.00      0.00      0.00       2.0
    255000.0       0.00      0.00      0.00       1.0
    260000.0       0.00      0.00      0.00       0.0
    280000.0       0.00      0.00      0.00       1.0
    290000.0       0.00      0.00      0.00       0.0
    300000.0       0.00      0.00      0.00       3.0
    340000.0       0.00      0.00      0.00       2.0
    400000.0       0.00      0.00      0.00       1.0
    500000.0       0.00      0.00      0.00       9.0
    585000.0       0.00      0.00      0.00       1.0
    750000.0       0.00      0.00      0.00       1.0
    850000.0       0.00      0.00      0.00       0.0
   1000000.0       0.00      0.00      0.00       0.0
   1150000.0       0.00      0.00      0.00       1.0
   1200000.0       0.00      0.00      0.00       1.0
   1250000.0       0.00      0.00      0.00       1.0
   1300000.0       0.00      0.00      0.00       1.0
   1500000.0       0.00      0.00      0.00       1.0
   1800000.0       0.00      0.00      0.00       0.0
   2000000.0       0.00      0.00      0.00       1.0
   2100000.0       0.00      0.00      0.00       0.0
   2200000.0       0.00      0.00      0.00       1.0
   2250000.0       0.00      0.00      0.00       1.0
   2300000.0       0.00      0.00      0.00       1.0
   2400000.0       0.00      0.00      0.00       1.0
   2500000.0       0.00      0.00      0.00       0.0
   2600000.0       0.00      0.00      0.00       1.0
   2700000.0       0.00      0.00      0.00       1.0
   2800000.0       0.00      0.00      0.00       0.0
   3000000.0       0.00      0.00      0.00       0.0
   7500000.0       0.00      0.00      0.00       1.0
   9000000.0       0.00      0.00      0.00       1.0
  15000000.0       0.00      0.00      0.00       2.0

    accuracy                           0.00     108.0
   macro avg       0.00      0.00      0.00     108.0
weighted avg       0.00      0.00      0.00     108.0


Confusion Matrix:
[[0, 0, 0, ..., 0, 0, 0],
 [0, 0, 0, ..., 0, 0, 0],
 [0, 0, 0, ..., 0, 0, 0],
 ...,
 [0, 0, 0, ..., 0, 0, 0],
 [1, 0, 0, ..., 0, 0, 0],
 [0, 0, 0, ..., 0, 0, 0]]